muav(1) = 0.0500;
musv(1) = 1.0000;
gv(1) = 0.0100;

muav(2) = 0.0500;
musv(2) = 1.0000;
gv(2) = 0.0100;

